0 0.5097901002506265 0.17018240044555838 0.5659200083542189 0.1684419381787803 0.6129124895572264 0.17366332497911452 0.6599049707602339 0.1823656363130048 0.7173402255639098 0.21195349484823173 0.7656380534670009 0.250243664717349 0.8087144945697577 0.2954956836535785 0.8282946950710108 0.34248816485658595 0.8400428153717627 0.38251879699248126 0.8504855889724311 0.4486563631300474 0.8544016290726817 0.5130534670008354 0.8465695488721805 0.5757101086048455 0.8296000417710944 0.6383667502088555 0.8008824143692564 0.6958020050125314 0.7682487468671679 0.7671609579504315 0.7290883458646616 0.8193748259537734 0.6820958646616542 0.8524436090225564 0.6272713032581454 0.8837719298245615 0.5646146616541353 0.9029170147591201 0.5071794068504596 0.8959551656920078 0.46540831244778613 0.8837719298245615 0.43669068504594827 0.8646268448900027 0.41580513784461154 0.835038986354776 0.3896982038429407 0.8124129768866611 0.3609805764411028 0.7689014202172099 0.33226294903926484 0.7323517126148705 0.3087667084377611 0.6905806182121972 0.291797201336675 0.6348858256752994 0.28135442773600666 0.5791910331384016 0.2735223475355054 0.5078320802005013 0.27221700083542194 0.42951127819548873 0.28788116123642443 0.35293093845725426 0.31268274853801176 0.30419799498746874 0.3557591896407686 0.24676274018379285 0.4079730576441103 0.2067321080478976 0.4549655388471178 0.1875870231133389
1 0.5438456632653061 0.5755857898715041 0.5332164115646258 0.6015684051398337 0.5163867630385487 0.6086545729402871 0.4827274659863945 0.6322751322751322 0.47741284013605445 0.6523526077097506 0.4942424886621315 0.6877834467120181 0.5341021825396826 0.7066798941798942 0.5810480442176871 0.6688869992441421 0.5907915249433107 0.6228269085411942 0.5748476473922902 0.6015684051398337 0.5606753117913832 0.5933012093726379
1 0.6058496315192744 0.48700869236583516 0.5996492346938775 0.5129913076341647 0.589905753968254 0.533068783068783 0.6076211734693878 0.570861678004535 0.6191361961451247 0.5732237339380196 0.6377373866213152 0.54724111866969 0.6395089285714286 0.5047241118669689 0.6315369897959183 0.48582766439909286 0.6155931122448979 0.4787414965986394
1 0.5066432823129251 0.2838718820861678 0.48715632086167804 0.28505291005291006 0.47564129818594103 0.31812169312169314 0.48361323696145125 0.32875094482237344 0.4986713435374149 0.32520786092214665 0.512843679138322 0.31457860922146635
1 0.6341943027210885 0.24135487528344673 0.606735402494331 0.24135487528344673 0.5943346088435374 0.2531651549508692 0.5934488378684807 0.2744236583522298 0.5952203798185941 0.29686318972033254 0.6191361961451247 0.30394935752078606 0.6368516156462585 0.2956821617535903 0.6439377834467119 0.2838718820861678 0.6457093253968254 0.2496220710506425
1 0.4747555272108844 0.20238095238095238 0.45969742063492064 0.21182917611489038 0.45172548185941036 0.22954459561602417 0.4348958333333333 0.2460789871504157 0.43046697845804993 0.24726001511715795 0.41629464285714285 0.22718253968253968 0.42072349773242623 0.21537226001511717 0.4410962301587302 0.20119992441421014 0.4508397108843537 0.19883786848072563
1 0.6970840419501133 0.29686318972033254 0.7032844387755102 0.3204837490551776 0.7147994614512472 0.34056122448979587 0.7263144841269841 0.3500094482237339 0.7263144841269841 0.3700869236583522 0.7431441326530612 0.3570956160241874 0.7652884070294784 0.34410430839002265 0.7573164682539683 0.3299319727891156 0.7413725907029478 0.31812169312169314 0.7289717970521542 0.29450113378684806 0.7130279195011338 0.28269085411942557
1 0.7396010487528344 0.3795351473922902 0.723657171201814 0.39016439909297046 0.7298575680272109 0.4149659863945578 0.746687216553288 0.4291383219954648 0.7520018424036281 0.42087112622826905 0.7528876133786847 0.401974678760393
1 0.7085990646258503 0.44331065759637184 0.7325148809523809 0.4539399092970521 0.749344529478458 0.4799225245653817 0.7449156746031746 0.49173280423280413 0.7289717970521542 0.48818972033257746 0.712142148526077 0.47401738473167043 0.7041702097505669 0.4551209372637944
1 0.7617453231292517 0.5460600907029477 0.7449156746031746 0.5543272864701435 0.749344529478458 0.5803099017384731 0.7732603458049886 0.5897581254724111 0.7785749716553289 0.5732237339380196
1 0.7369437358276644 0.6157407407407407 0.7174567743764172 0.6216458805744519 0.7174567743764172 0.6464474678760392 0.7342864229024942 0.6417233560090703
1 0.8051481009070295 0.5720427059712774 0.7936330782312925 0.5944822373393801 0.8024907879818594 0.6133786848072562 0.8157773526077097 0.5968442932728646
