0 0.5803099017384731 0.15277777777777773 0.6369992441421013 0.15986394557823125 0.6842403628117915 0.17403628117913827 0.7330561854371379 0.19883786848072557 0.7881708238851095 0.21655328798185938 0.836986646510456 0.2437169312169312 0.8779289493575207 0.2815098261526832 0.9141471403376167 0.31339758125472406 0.939342403628118 0.3500094482237339 0.9629629629629628 0.39843159486016627 0.9771352985638699 0.4527588813303099 0.9802847064751827 0.5141723356009069 0.9661123708742757 0.5732237339380196 0.9298941798941798 0.6334561602418746 0.9094230284706475 0.6759731670445956 0.8669060216679265 0.7149470899470899 0.7976190476190474 0.7610071806500378 0.7377802973041068 0.7940759637188208 0.644872763920383 0.8259637188208616 0.5787351977828168 0.8448601662887377 0.4968505920886873 0.8448601662887377 0.43386243386243384 0.8460411942554799 0.3378054925673974 0.8247826908541195 0.2700932224741748 0.7952569916855631 0.22127739984882833 0.7621882086167799 0.1661627614008566 0.7173091458805745 0.12049634668682285 0.67833522297808 0.08112874779541436 0.6074735449735449 0.049634668682287726 0.5460600907029478 0.048059964726631293 0.4763794406651549 0.05750818846056942 0.41378495842781554 0.09530108339632147 0.34646636432350714 0.13939279415469896 0.275604686318972 0.24017384731670444 0.2106481481481481 0.3000125976316452 0.1834845049130763 0.3771730914588057 0.158682917611489 0.45118417737465355 0.1480536659108087 0.5236205593348451 0.1480536659108087
1 0.6837154614932393 0.26622207524985303 0.6641191456006271 0.26989638447971787 0.6567705271408976 0.27357069370958265 0.6739173035469332 0.28918650793650796 0.6849402312365275 0.2910236625514403 0.6996374681559867 0.2827564667842446
1 0.7621305974964513 0.2443863724351529 0.7451929281197573 0.24862078977932636 0.7484191508581753 0.26132404181184665 0.7710027100271003 0.2716076267905536 0.7798748225577494 0.26737320944638016 0.7750354884501227 0.25406504065040647
1 0.8323009420570396 0.2625338753387534 0.8202026067879727 0.26011420828494 0.8129436056265325 0.2655584591560201 0.825848496580204 0.28370596205962056 0.8331074977416442 0.287940379403794 0.8395599432184798 0.287940379403794 0.8492386114337334 0.2824961285327139 0.8363337204800619 0.2691879597367402
1 0.9016647309330236 0.47727932636469217 0.8790811717640986 0.47848915989159885 0.8742418376564719 0.4881678281068525 0.872628726287263 0.49119241192411917 0.8669828364950317 0.49845141308555935 0.8613369467028005 0.5051054974835463 0.8573041682797781 0.5141792489353465 0.860530391018196 0.5196234998064266 0.8887598399793522 0.5280923344947734 0.9048909536714415 0.5244628339140534 0.9202155116789263 0.5147841656987998 0.9266679571557621 0.5020809136662795 0.9226351787327397 0.48998257839721254 0.9129565105174862 0.4790940766550522
1 0.7105110336817654 0.5153890824622532 0.6927668086204671 0.5196234998064266 0.6871209188282359 0.5305120015485869 0.6847012517744225 0.5353513356562137 0.6879274745128404 0.5432152535811072 0.7072848109433476 0.5498693379790941 0.716963479158601 0.5474496709252806 0.7226093689508325 0.5274874177313201 0.7209962575816234 0.5226480836236933
1 0.42821654407020265 0.5903987611304684 0.44515421344689643 0.5819299264421215 0.4661246612466125 0.5643873403019745 0.49435411020776876 0.560152922957801 0.5112917795844626 0.560152922957801 0.5427474512840367 0.5625725900116143 0.5677506775067751 0.5776955090979481 0.5758162343528198 0.5928184281842818 0.5758162343528198 0.5988675958188153 0.5733965672990063 0.6170150987224158 0.5733965672990063 0.6339527680991095 0.5653310104529617 0.6436314363143631 0.5508130081300814 0.6569396051103368 0.5459736740224546 0.6611740224545102 0.5338753387533876 0.6635936895083236 0.5104852238998582 0.6605691056910569 0.4983868886307911 0.6502855207123499 0.4822557749387018 0.6490756871854433 0.45563943734675444 0.6539150212930701 0.44112143502387413 0.65572977158343 0.41773132017034464 0.6466560201316298 0.40805265195509105 0.6327429345722028 0.4072460962704866 0.6182249322493224 0.41127887469350893 0.6055216802168022
1 0.4266034327009937 0.7785278745644599 0.44515421344689643 0.7827622919086333 0.4628984385081947 0.7791327913279131 0.4838688863079108 0.7833672086720868 0.4903213317847465 0.7906262098335268 0.4806426635694929 0.799699961285327 0.4693508839850304 0.8045392953929539 0.45725254871596344 0.8069589624467672 0.42579687701638924 0.8045392953929539 0.4169247644857402 0.7978852109949671 0.41208543037811335 0.7912311265969802 0.4153116531165312 0.7851819589624467
1 0.605658794683185 0.7966753774680604 0.6322751322751323 0.7936507936507935 0.6572783584978706 0.7942557104142469 0.6459865789134082 0.8069589624467672 0.6451800232288037 0.8178474641889276 0.6209833526906698 0.8190572977158342 0.5871080139372823 0.8178474641889276 0.5919473480449091 0.808168795973674
1 0.8352807172251616 0.691523368606702 0.8141534391534392 0.6970348324514992 0.8058862433862434 0.7073688271604939 0.7985376249265138 0.7218364197530865 0.8123162845385067 0.7259700176366843 0.8325249853027631 0.7183917548500882 0.8545708406819518 0.6942791005291006
