0 0.528344671201814 0.15395880574451998 0.585034013605442 0.15986394557823125 0.6511715797430084 0.1763983371126228 0.6999874023683549 0.1858465608465608 0.7488032249937013 0.2082860922146636 0.8070672713529857 0.22954459561602417 0.8574577979339885 0.2626133786848072 0.8921012849584279 0.2980442176870748 0.9235953640715546 0.33111300075585787 0.9424918115394306 0.3582766439909297 0.9613882590073065 0.39606953892668173 0.9708364827412445 0.43858654572940287 0.9771352985638699 0.49055177626606195 0.9739858906525574 0.5307067271352985 0.9645376669186194 0.5578703703703703 0.948790627362056 0.5909391534391534 0.9330435878054926 0.6275510204081632 0.9141471403376167 0.6582577475434618 0.870055429579239 0.700774754346183 0.8354119425547997 0.7350245653817082 0.7976190476190474 0.7586451247165532 0.7440791131267321 0.7869897959183673 0.6889644746787603 0.8058862433862434 0.6275510204081632 0.8212396069538926 0.5834593096497858 0.8330498866213152 0.5362181909800958 0.8365929705215419 0.49527588813303103 0.841317082388511 0.45118417737465355 0.8401360544217688 0.38977072310405636 0.8295068027210885 0.34410430839002265 0.8176965230536658 0.29528848576467615 0.7988000755857898 0.24804736709498615 0.7787226001511716 0.20867976820357764 0.7539210128495842 0.1787603930461073 0.7255763416477703 0.14569160997732422 0.6866024187452758 0.11734693877551014 0.649990551776266 0.09057697152935248 0.6098356009070295 0.07325522801713281 0.5590513983371126 0.06538170823885112 0.5106292517006802 0.0590828924162257 0.4610260770975056 0.07168052406147639 0.41496598639455784 0.09372637944066504 0.36654383975812543 0.11734693877551014 0.3287509448223734 0.1708868732678256 0.27324263038548746 0.22442680776014104 0.23663076341647768 0.26851851851851855 0.2106481481481481 0.34410430839002265 0.17403628117913827 0.42913832199546487 0.15986394557823125 0.504724111866969 0.15277777777777773
1 0.43937389770723106 0.533068783068783 0.462994457042076 0.533068783068783 0.4708679768203577 0.5129913076341648 0.5055114638447972 0.5023620559334845 0.546453766691862 0.5082671957671957 0.5732237339380196 0.5200774754346182 0.593694885361552 0.5389739229024942 0.588970773494583 0.5484221466364323 0.5747984378936759 0.5885770975056689 0.5732237339380196 0.612197656840514 0.5354308390022675 0.6275510204081632 0.5181090954900479 0.626369992441421 0.49291383219954654 0.6062925170068026 0.46141975308641975 0.6039304610733182 0.41732804232804227 0.6027494331065759 0.40945452254976056 0.5826719576719576 0.415753338372386 0.5578703703703703 0.4252015621063239 0.5389739229024942
1 0.696050642479214 0.47047430083144365 0.7212459057697154 0.47047430083144365 0.7322688334593096 0.48346560846560843 0.7180964978584025 0.49409486016628873 0.6913265306122448 0.5 0.6818783068783069 0.49409486016628873 0.6818783068783069 0.47756046863189716
1 0.9039115646258504 0.4492157974300831 0.8739921894683799 0.4456727135298563 0.8661186696900982 0.46338813303099013 0.8629692617787856 0.4799225245653817 0.8787163013353491 0.4952758881330309 0.8944633408919124 0.49763794406651546 0.9133597883597884 0.49409486016628873 0.9354056437389772 0.4822845804988662 0.9275321239606955 0.4610260770975056
1 0.43018812463256917 0.7448008524397413 0.45958259847148736 0.7493937389770723 0.4865275328238292 0.748475161669606 0.504899078973153 0.7457194297472075 0.5036743092298649 0.7604166666666666 0.49142661179698227 0.7741953262786596 0.46815598667450525 0.7861368312757201 0.43263766411914567 0.7723581716637272 0.4228395061728396 0.762253821281599
1 0.6016558886929257 0.7778696355085244 0.6151283558690966 0.7705210170487948 0.6432980599647267 0.7640909758965314 0.6714677640603567 0.7677652851263962 0.6543209876543209 0.7806253674309229 0.6371742112482853 0.7971597589653145 0.6102292768959436 0.8008340681951793 0.5967568097197727 0.7925668724279835
1 0.47183029590437 0.827472810111699 0.49877523025671183 0.8201241916519695 0.52816970409563 0.8146127278071722 0.5808348030570253 0.8109384185773074 0.5526650989613953 0.822879923574368 0.5171467764060357 0.8329842739564962 0.48407799333725254 0.836658583186361
1 0.8049676660787771 0.6722332451499118 0.8196649029982362 0.6676403586125809 0.8343621399176956 0.6602917401528512 0.8490593768371546 0.659373162845385 0.8551832255535958 0.6667217813051146 0.8515089163237312 0.6795818636096413 0.836811679404272 0.6887676366843033 0.808641975308642 0.6924419459141682
1 0.6839451058201058 0.2387152777777778 0.6653439153439153 0.2387152777777778 0.6498429232804233 0.2503410218253968 0.6653439153439153 0.26274181547619047 0.6839451058201058 0.26274181547619047 0.7015128968253969 0.25809151785714285
1 0.7666170634920635 0.22941468253968253 0.7459490740740741 0.2247643849206349 0.7376818783068783 0.24026537698412698 0.7562830687830688 0.25344122023809523 0.7707506613756614 0.2542162698412698 0.7759176587301587 0.2410404265873016
