0 0.5964506172839505 0.3058862433862434 0.5119415049970605 0.28475896531452083 0.3888521457965903 0.28246252204585537 0.2976067999216147 0.30450837742504405 0.2179967666078777 0.3403328924162257 0.15492112482853224 0.38993606701940037 0.10776748971193416 0.45148074661963544 0.09307025279247498 0.514862580834803 0.09551979227905158 0.5566578483245149 0.11756564765824024 0.6058017342739564 0.15063443072702332 0.6480562904174014 0.19778806584362138 0.6838808054085832 0.2804600235155791 0.7233796296296295 0.38211591220850477 0.749099794238683 0.47764795218498923 0.7481812169312169 0.5474598275524201 0.7288910934744267 0.5921639231824416 0.7022523515579071 0.6154345483049186 0.6728578777189888 0.6546271800901431 0.6347369194591417 0.6840216539290612 0.5855930335097002 0.7128037428963354 0.5561985596707819 0.7385239075053889 0.5226704879482658 0.7587326082696453 0.48179379776601994 0.757507838526357 0.45239932392710164 0.7452601410934744 0.4280570252792475 0.7262762100725063 0.39315108759553197 0.7011684303350969 0.3665123456790123 0.6736111111111112 0.341710758377425 0.6442166372721927 0.322879923574368
1 0.27224248057581396 0.5335156585156586 0.2573466323466324 0.5406656656656657 0.2636028886028886 0.5491562991562993 0.2793924877258211 0.5509438009438009 0.2862445779112446 0.5408891033891035
1 0.28266957433624107 0.46268590018590017 0.2817758234424902 0.4756452881452881 0.30560918060918063 0.4807843557843558 0.310971685971686 0.4886046761046761 0.32586753420086756 0.4825718575718576 0.32408003241336575 0.4720702845702846 0.3082904332904333 0.4667077792077792 0.2945862529195863 0.46469683969683967
1 0.4944885361552028 0.6130594880594882 0.4909135325801992 0.6231141856141856 0.49657395490728823 0.6345095095095095 0.49776562276562275 0.6398720148720148 0.5055114638447972 0.6425532675532676 0.5078947995614662 0.6371907621907622 0.5153427236760569 0.6378610753610754 0.5308344058344058 0.6331688831688832 0.5281531531531531 0.6257954382954384 0.5287489870823204 0.6188688688688688 0.5153427236760569 0.6137298012298013 0.5022343772343772 0.6119422994422995
1 0.43937389770723106 0.29242635492635494 0.45486557986557985 0.30493886743886744 0.4557593307593308 0.31074824824824826 0.48108227274893944 0.30963105963105964 0.5049156299156299 0.30404511654511657 0.5138531388531389 0.29622479622479625 0.5055114638447972 0.28996853996854 0.4921052004385338 0.2877341627341628 0.47274059774059773 0.2877341627341628 0.45278016111349445 0.2881810381810382
1 0.27793811127144463 0.32871873496873494 0.2943722943722944 0.32751623376623373 0.2991822991822992 0.32000060125060126 0.2991822991822992 0.31579184704184704 0.294973544973545 0.3153409090909091 0.2875581208914542 0.31924903799903803 0.2761343594676928 0.3236081048581049
1 0.5263785668409945 0.3649990824846316 0.5103220478943021 0.3718804477474998 0.5214086919289231 0.3989758234700431 0.5433908309630853 0.39381479952289206 0.5496987491207144 0.38091223965501425 0.5374652108756155 0.3661459766951096
1 0.5562563509583377 0.6248029012929674 0.5606363222257262 0.6433630295385262 0.5862591541399488 0.6390925575528225 0.5928291110410316 0.6298946178913066 0.5985230736886367 0.6225034163775885 0.5882301412102736 0.6195469357721013 0.5687392690703948 0.6215179228424262 0.5597603279722485 0.6267738883632924
1 0.6499877360804514 0.5139348785871964 0.6309348610673114 0.517384105960265 0.6197659343354708 0.5219830757910228 0.6289638739969866 0.5336447492904447 0.643636777742738 0.5403789551140545 0.6484547461368654 0.5251038053190371 0.6517397245874067 0.515084621044886
1 0.5512193840008409 0.6844252601702933 0.5396124601422615 0.6951014401345527 0.5367654788184589 0.7036423841059603 0.5510003854374715 0.7034781351834332 0.5580083394652932 0.6936231998318092 0.5604173236623567 0.6847537580153474
1 0.5999961935213733 0.5986282402649309 0.5869114232423585 0.5782873701039168 0.570020174336721 0.5775736553614251 0.5576491188001979 0.5891715199269155 0.5526531156027559 0.6016615279205206 0.570020174336721 0.6054085303186023 0.5945243804956034 0.6045163868904876
