0 0.6924419459141681 0.31261022927689597 0.6455945032333922 0.29056437389770723 0.5923170194003526 0.2781635802469136 0.5353652263374485 0.2795414462081129 0.47657627865961194 0.2898754409171076 0.4076829805996472 0.3208774250440917 0.37369562022339786 0.3505015432098766 0.33419679600235147 0.3890817901234568 0.29653512639623747 0.429728835978836 0.2836750440917107 0.4834656084656085 0.2873493533215755 0.546847442680776 0.3057208994708995 0.6067846119929453 0.3424639917695472 0.663966049382716 0.3911485890652556 0.7080577601410935 0.4508561140505584 0.7528384038800705 0.5316909171075836 0.785218253968254 0.6106885655496767 0.7934854497354497 0.6860119047619048 0.7893518518518519 0.7640909758965315 0.7666170634920635 0.8357400058788946 0.7349261463844797 0.8917732216343326 0.6846340388007054 0.9092261904761905 0.654320987654321 0.9367835097001763 0.6109182098765432 0.9468878600823044 0.5744047619047619 0.9468878600823044 0.5310019841269841 0.9340277777777778 0.48484347442680775 0.9092261904761905 0.4469521604938272 0.8688087889476777 0.41526124338624343 0.8329842739564961 0.3877039241622575 0.785218253968254 0.3635912698412698 0.7374522339800118 0.3401675485008819
1 0.3448290866054024 0.5020396042188806 0.33090538847117795 0.5137877245196324 0.3280771372876636 0.5237409931077694 0.3298175995544417 0.53499960839599 0.3391725842383737 0.5408736685463659 0.3485275689223058 0.5459318870091896 0.3661497493734336 0.5482162437343359 0.37811542745753274 0.547563570384294 0.3863826232247285 0.5407105002088554 0.38660018100807575 0.5333679250208855 0.37071846282372595 0.5168879229323309 0.3681077694235589 0.5004079208437762 0.3589703425229741 0.4994289108187135
1 0.3670452220175977 0.6614158554766288 0.3666798210997106 0.6695003507848811 0.3758148440468882 0.677721871437341 0.3873249729603321 0.679777251600456 0.39280598672863865 0.6723778830132421 0.38695957204244497 0.6649785144260282 0.3765456458826624 0.6604566780671753 0.37069923119646875 0.6586753485924756
1 0.6504416740468242 0.6787736732747462 0.6444807775279878 0.6853732372777437 0.6372425460408292 0.6938888037332243 0.6349717283193678 0.7004883677362217 0.6544156050593819 0.7040010388991075 0.6572541272112087 0.6959112507664009 0.6600926493630356 0.6876085734723074 0.6664793242046461 0.6850539035356631 0.6715886640779344 0.6819670106955514 0.6741433340145786 0.6787736732747462 0.669317846356473 0.675580335853941 0.6625053931920885 0.6748352237890864 0.6575379794263914 0.6754738912732475
1 0.7344619297408997 0.7037881497377205 0.7273656243613326 0.7049590401253492 0.7232497672411836 0.7094297125144764 0.725094806639871 0.7139003849036037 0.7363069691395872 0.7163486102595543 0.7512092104366783 0.7136874957422167 0.7482287621772601 0.7033623714149465 0.7360231169244045 0.703894594318414
1 0.4922739297739298 0.5092780483405484 0.5178270803270804 0.521678841991342 0.5460107022607023 0.5171694624819624 0.539246632996633 0.49969561688311687 0.5129419191919192 0.48870400432900435 0.5009169071669072 0.48898584054834054
1 0.8466360028860028 0.5044868326118326 0.8394961519961519 0.5242153679653679 0.8417508417508418 0.5408437049062048 0.864673520923521 0.5495806277056278 0.8736922799422799 0.5233698593073592 0.8691829004329005 0.505050505050505 0.8518969456469456 0.5033594877344877
1 0.7109788359788359 0.41176271645021645 0.6989538239538239 0.4329004329004329 0.7177429052429053 0.4360006313131313 0.7369077681577682 0.42078147546897543 0.726010101010101 0.4089443542568542
1 0.6632545695045695 0.4577020202020202 0.655738936988937 0.47573953823953824 0.6711459836459837 0.4819399350649351 0.6861772486772487 0.471511994949495 0.6816678691678693 0.4602385461760462
1 0.8288393705060372 0.44080475851309187 0.832231040564374 0.45617326346493015 0.8397209786098675 0.47270765499932166 0.8600709989598879 0.4781131291547958 0.8661477411477413 0.4736615622032289 0.8583751639307196 0.45786909849409846 0.8497546691991137 0.4457862739112739 0.8326549993216661 0.4358232431149098
1 0.7969011441233664 0.4551133665716999 0.7918136390358613 0.46603030457197125 0.804249762583096 0.4798089641839642 0.8189469995025551 0.48563839709673046 0.8247411025188803 0.47726521164021163 0.8257303396192286 0.4662422839506173 0.813435535657758 0.45808107787274455 0.8089133089133089 0.4542654490571157 0.8017060100393435 0.450873778998779
1 0.7552118663229775 0.4045562847646181 0.7641150002261113 0.4137773877357211 0.7738660516438295 0.42490630511463845 0.7803667525889749 0.43338548026048024 0.7899764844209289 0.4364591812508479 0.7977490616379506 0.4344453771537105 0.799727535838647 0.4284039648622982 0.7898351648351649 0.4193948412698413 0.7860195360195361 0.4115516042599376 0.7823452267896712 0.4062521197937865 0.7690611857278524 0.3970310168226835 0.7641150002261113 0.39575914055080724 0.7539399900511012 0.4007406559489893
1 0.8633213494324605 0.44631622235788904 0.8599296793741239 0.44695216049382713 0.855831411386967 0.4518276862026862 0.8636039886039887 0.4528875830959164 0.8723658029213585 0.4574451397368064 0.8758987925654592 0.46062483041649704 0.8797144213810881 0.46179071699905033 0.8826821326821328 0.4591409747659748 0.8828234522678967 0.4549013871930539 0.8756161533939312 0.450661799620133 0.8732137204359426 0.4485420058336725 0.8658651019762131 0.4457862739112739
1 0.8935637407859631 0.4583990469407136 0.8891828336272781 0.469527964319631 0.9055759055759056 0.48065688169854837 0.9147616786505676 0.4808688610771944 0.9144790394790396 0.47079984059150726 0.9122179261068151 0.46274462420295753 0.9037387509609732 0.4576571191154525
