0 0.6143628747795413 0.2140928130511464 0.55189961787184 0.21547067901234568 0.45636757789535554 0.2313161375661376 0.35716122868900635 0.25680665784832457 0.30755805408583176 0.28229717813051153 0.25979203409758955 0.3070987654320988 0.2129445914168136 0.34292328042328046 0.1642599941211052 0.4001047178130512 0.1431327160493826 0.47864307760141095 0.1431327160493826 0.5585593033509699 0.18446869488536144 0.6253858024691358 0.2515248383303938 0.7177028218694885 0.3635912698412698 0.7989969135802469 0.5078079071134626 0.8375771604938271 0.6033399470899471 0.8272431657848325 0.6924419459141681 0.7941743827160493 0.7567423574368018 0.7652391975308642 0.8302285420340977 0.6942791005291005 0.8752388300999411 0.6274526014109347 0.892691798941799 0.5496031746031746 0.9000404174015283 0.4793320105820106 0.888098912404468 0.4221505731922399 0.8522743974132861 0.357390873015873 0.8201241916519695 0.310543430335097 0.7613352439741328 0.26438492063492064 0.6814190182245737 0.22924933862433863
1 0.7443783068783069 0.34970238095238093 0.7734788359788359 0.37351190476190477 0.7784391534391535 0.36731150793650796 0.7708333333333334 0.3601190476190476 0.769510582010582 0.35441468253968256 0.7622354497354498 0.3501984126984127
1 0.8271927560545447 0.41194831591173053 0.8328386458467759 0.419610594915473 0.8328386458467759 0.4234417344173442 0.8250419408955995 0.4220302619692864 0.8196649029982365 0.4252564847077042 0.816976384049555 0.4319105691056911 0.8352583129005894 0.44037940379403795 0.836333720480062 0.4292892631307266 0.8422484621671613 0.4171909278616596 0.8344517572159849 0.4095286488579172
1 0.5129763579130667 0.4776314798071127 0.5052324023843011 0.4892474131002612 0.5012557765722322 0.5003924301788225 0.4945583015203268 0.5115374472573839 0.5359989284039917 0.5109095589712679 0.5548355769874757 0.5098107544705647 0.570114191949635 0.5032179274663452 0.5736722255709598 0.49191593831625474 0.5676026388051704 0.48014303295157723 0.5558820574643359 0.47511992666264813 0.5431149956466412 0.4740211221619449 0.5261620119215056 0.474335066305003
1 0.4361646909115264 0.5278625426964035 0.4259091822382962 0.5580011804299779 0.42402551737994776 0.5650649236487845 0.439094836246735 0.5771517731565201 0.467349809121961 0.5751111362266427 0.48430279284709665 0.5664776722925456 0.49079097180363 0.5510944092827004 0.48451208894246867 0.5423039732770746 0.48179123970263205 0.5331995931283907 0.4826284240841203 0.5267637381957002 0.47174502712477395 0.5214266877637131 0.45290837854128996 0.520798799477597
1 0.3250284642689706 0.46664343480008036 0.31581943607260066 0.47684661944946755 0.3147729555957404 0.48438127888286114 0.32670283303194697 0.4952123518183644 0.33779552608666535 0.502276095037171 0.35642287857477734 0.4928577707454289 0.3562135824794053 0.48061394916616434 0.3484696269506396 0.4724514014466546 0.340934967517246 0.46884104380148683 0.33444678856071264 0.46601554651396426
1 0.5393476659299444 0.6570505575647981 0.5832998459580738 0.6829509493670887 0.5943925390127921 0.6716489602169983 0.5753465943339361 0.6601899989953788 0.584346326434934 0.6589342224231466 0.5937646507266761 0.6592481665662047 0.6044387515906503 0.6583063341370303 0.6092525617842074 0.6476322332730561 0.5979505726341169 0.6374290486236689 0.5747187060478199 0.6353884116937915
1 0.5420654372860255 0.5776095160286336 0.5637870889096379 0.5763937519452226 0.5579514213092645 0.5670323685029567 0.5571409119203237 0.5553610333022098 0.5467663917418819 0.5498900949268596 0.5271520645295155 0.5512274354186119 0.5136976086730989 0.555604186118892 0.5102934692395477 0.5636282290694056 0.5156428312065566 0.5672755213196389 0.5239100269737524 0.5703149315281668 0.527800472040668 0.5760290227201992 0.5410928260192966 0.5785821272953626
1 0.4816014368710447 0.6050857843137254 0.5219648044402947 0.6075173124805477 0.5130492011619463 0.613109827264239 0.5080240429505135 0.6177297307812013 0.5038093941280216 0.622714363523187 0.4987842359165888 0.6311031356987239 0.4960285039941903 0.624902738873327 0.49716321713870737 0.619431800497977 0.49570430023861395 0.6171218487394957 0.48597818757132477 0.6160276610644259 0.4803046218487395 0.6160276610644259 0.4790078068264343 0.609827264239029
1 0.4571240533250337 0.6420450124494241 0.4707406110592385 0.6501906318082789 0.484032965037867 0.6408292483660131 0.4830603537711381 0.6329267818238407 0.47787309368191716 0.6292794895736071 0.474468954248366 0.6232006691565515 0.47057850918145033 0.6219849050731404 0.46425653594771243 0.6218633286647993 0.4597176833696442 0.6255106209150326 0.4580966645917626 0.6309815592903828 0.4611766002697375 0.6365740740740741
