0 0.5954945470251592 0.341573534175575 0.5610760177086708 0.3248704243602203 0.49426357844725194 0.31019193391642375 0.42070240794730596 0.31019193391642375 0.35996382680056155 0.31525348234531914 0.28977702191987903 0.334993521218011 0.21891534391534392 0.362325882734046 0.16222600151171576 0.3997813411078717 0.11363513659432022 0.4382491091674765 0.08596533851635893 0.4848153547133139 0.07516736853471545 0.5334062196307096 0.07921660727783172 0.5921201814058957 0.10553665910808767 0.6488095238095238 0.1548023971493359 0.698918853255588 0.22161483641075477 0.7424481697440881 0.31609707375013496 0.7707928409459022 0.41192905733722057 0.7814220926465825 0.5023620559334845 0.768768221574344 0.5556770327178491 0.7419420149011986 0.6076422632545081 0.6968942338840298 0.638686426951733 0.6533649173955296 0.6839029262498652 0.6047740524781341 0.72237069430947 0.560232426303855 0.7439666342727568 0.5207523485584711 0.7358681567865242 0.47823534175574994 0.7169717093186483 0.43419987042436026 0.6872772918691286 0.3957321023647554 0.6596074937911672 0.3734612892776158
1 0.4397771755495332 0.31516163375919476 0.4300985073342797 0.32342882952639046 0.4314427668086205 0.3367369983223642 0.43843291607519247 0.3417779713511421 0.45537058545188625 0.33915666537617756 0.48575084957198783 0.33613208155891083 0.4924721469436917 0.32887308039747065 0.48951477610014194 0.3195976900245193 0.4747279218823934 0.31495999483804366 0.4561771411364907 0.315564911601497
1 0.23786976911976915 0.5683227362914862 0.24125180375180375 0.5721275252525253 0.23974867724867724 0.5788915945165944 0.24989478114478111 0.5817099567099567 0.2575983044733045 0.5803007756132756 0.2566588504088504 0.5739594606782107 0.260040885040885 0.5683227362914862 0.2568467412217412 0.5656452922077921 0.25102212602212604 0.5656452922077921 0.24519751082251082 0.567899981962482
1 0.2622955747955748 0.49518623737373735 0.26098033910533913 0.5074461129148629 0.271126443001443 0.5078688672438673 0.28183621933621933 0.5129419191919191 0.2964917027417028 0.5170285443722944 0.3030678811928812 0.5091371302308803 0.30194053631553636 0.5009638798701299 0.29104286916786914 0.4980045995670996 0.2788299663299663 0.49673633658008653
1 0.4732598295472547 0.6446927573424579 0.4657351962741184 0.653603507271172 0.4734578462123373 0.6671181446630549 0.4906852960745176 0.6736526946107785 0.5096948959224409 0.666821119665431 0.507516712606533 0.6537520197699839 0.5039524126350474 0.6464749073282007 0.4940515793809207 0.643207632354339
1 0.5530591334894613 0.6526680002602134 0.5386931867464654 0.6613078974759302 0.5294772963830341 0.6689313361956806 0.5339497137652875 0.6789942753057506 0.5545499392835459 0.6728955243299506 0.5759633315985775 0.6634424603174603 0.5831463049700755 0.6554124381993234 0.5813844435770665 0.6505334374186833 0.5716264420157863 0.6508383749674733
1 0.2592429289960154 0.35823290221438364 0.2747566790776667 0.35578336272780714 0.2788392448886276 0.34782235939643347 0.2755731922398589 0.34690378208896727 0.26740806061793715 0.350578091318832 0.25801815925272714 0.3514966686262982
1 0.5966740550073883 0.5502734877734878 0.6228907478907478 0.5741813241813243 0.6309345059345058 0.5451344201344202
1 0.5990573907240574 0.604345416845417 0.5925032175032174 0.6126126126126127 0.5928011344678011 0.6253485628485629 0.6193157443157443 0.6195391820391821 0.6106761523428189 0.6150704275704276 0.6082928166261499 0.6032282282282282
1 0.5552635969302636 0.6081438581438582 0.532323990657324 0.6197626197626198 0.5445385862052529 0.63249856999857 0.5656906906906907 0.626912626912627
