0 0.7464849108367627 0.30864197530864196 0.7017808152067412 0.30175264550264547 0.6442166372721927 0.2985376249265138 0.5786914560062708 0.30175264550264547 0.5248015873015873 0.3100198412698413 0.4617259455222418 0.3302285420340975 0.4286571624534587 0.346303644914756 0.39497599451303156 0.369727366255144 0.3698682147756222 0.38993606701940037 0.345985204781501 0.41657480893592 0.3172031158142269 0.45148074661963544 0.30128110915147954 0.48225308641975306 0.2933201058201058 0.5084325396825397 0.29515726043503815 0.5511463844797178 0.28780864197530864 0.5768665490887712 0.28780864197530864 0.6204989711934156 0.2994439545365471 0.660457084068195 0.3116916519694297 0.6916887125220458 0.3404737409367039 0.7275132275132274 0.37721683323535177 0.767012051734274 0.4458039388594943 0.8055922986478541 0.5125538898687048 0.8248824221046442 0.5952258475406624 0.8345274838330394 0.6515652557319223 0.8276381540270429 0.7109665882814031 0.8134002057613169 0.7875146972369195 0.7863021751910639 0.855489417989418 0.749099794238683 0.9032554379776602 0.7054673721340388 0.9375489907897314 0.6590792181069959 0.9761292377033117 0.6071796002351557 0.9828654712913972 0.5552799823633157 0.9853150107779738 0.5208333333333334 0.9755168528316676 0.4804159318048207 0.9479595336076817 0.4253012933568489 0.9136659807956103 0.3871803350970018 0.8952944346462866 0.36789021164021163 0.8585513423476386 0.3486000881834215 0.8169091710758376 0.3279320987654321 0.753221144424848 0.3081826866549089
1 0.9236478542034098 0.48801256613756616 0.9306290417401528 0.4990354938271605 0.9313639035861258 0.5117118606701941 0.937610229276896 0.5150187389770723 0.9405496766607877 0.5006889329805997 0.9405496766607877 0.4954530423280423 0.9276895943562611 0.4847056878306878
1 0.9287918871252204 0.5775738536155203 0.9365079365079365 0.5888723544973545 0.9563492063492064 0.5772982804232805 0.9515726043503822 0.5673776455026456 0.9471634332745443 0.5709600970017638 0.9467960023515579 0.5753692680776015 0.9405496766607877 0.5756448412698413 0.9339359200470312 0.5726135361552028
1 0.5753233392122281 0.6406801146384481 0.5874485596707819 0.6657572751322751 0.5955320399764844 0.6709931657848326 0.6216196355085244 0.6630015432098767 0.6436654908877131 0.648671737213404 0.6308054085831863 0.6354442239858907 0.6128012933568489 0.6431602733686068 0.593694885361552 0.6370976631393298 0.5848765432098766 0.6362709435626103
1 0.559156378600823 0.5365134479717814 0.5940623162845384 0.5403714726631393 0.6227219282774838 0.5241126543209877 0.6249265138154028 0.5004133597883598 0.5999412110523221 0.492146164021164 0.5808348030570253 0.49875992063492064 0.5551146384479718 0.5205302028218695
1 0.6447677836566725 0.5056492504409171 0.6995149911816579 0.5188767636684304 0.7127425044091711 0.4984843474426808 0.6906966490299823 0.48801256613756616 0.6866549088771311 0.48139880952380953 0.6620370370370371 0.4874614197530864
1 0.5558495002939448 0.5828097442680776 0.5856114050558495 0.5985174162257496 0.5940623162845384 0.5883212081128748 0.5834068195179306 0.5759204144620812 0.5617283950617284 0.5795028659611993
1 0.6047178130511464 0.5640707671957672 0.6561581422692534 0.5814318783068784 0.6616696061140506 0.5541501322751323 0.6392563198118754 0.5445050705467372 0.6208847736625515 0.5445050705467372
1 0.52608759553204 0.5976906966490301 0.533068783068783 0.6037533068783069 0.5499706055261611 0.6034777336860672 0.5407848324514991 0.586116622574956 0.5271898883009994 0.586116622574956
1 0.5304967666078777 0.41608796296296297 0.5180041152263374 0.42325286596119926 0.5216784244562023 0.4425429894179894 0.524617871840094 0.44695216049382713 0.5496031746031746 0.43813381834215165 0.5551146384479718 0.4326223544973545 0.5529100529100529 0.41884369488536155 0.5488683127572017 0.4130566578483245
