0 0.7912077529424469 0.4144598315516683 0.7912077529424469 0.38004130223517985 0.7790600367130978 0.35827664399092973 0.7588138429975164 0.3289196631033366 0.7270948061764387 0.3041180758017493 0.6839029262498652 0.2833657272432783 0.643410538818702 0.26716877227081315 0.5725488608141669 0.25147797214123746 0.5246328690206241 0.25249028182701655 0.4659189072454379 0.26109491415613867 0.4153034229564841 0.27172416585681897 0.36671255803908864 0.286908811143505 0.33566839434186374 0.30209345643019114 0.2789790519382356 0.3466350826044704 0.23241280639239825 0.3845966958211856 0.19866915019976247 0.42306446388079044 0.1777480833603282 0.4696307094266278 0.16627524025483212 0.5278385163589245 0.17437371774106467 0.5789601554907677 0.18652143397041357 0.6179340783932621 0.22026509016304935 0.6634880142533204 0.2594077313465068 0.705498866213152 0.3052991037684915 0.7282758341431811 0.3640130655436778 0.7556081956592161 0.45782042975920534 0.7773728539034661 0.5570267789655545 0.7748420796890184 0.6218145988554152 0.7576328150307743 0.6859275456214231 0.7378927761580824 0.7466661267681676 0.7039804016844834 0.788508260447036 0.6594387755102041 0.8128036929057337 0.6154033041788144 0.8195524241442609 0.5693432134758666 0.8202272972681137 0.5182215743440234 0.799981103552532 0.47975380628441855 0.7925574991901524 0.4493845157110463
1 0.30263001096334435 0.3362201487201487 0.2758174841508175 0.3540951665951666 0.2734341484341485 0.36928893178893185 0.2877341627341628 0.3679483054483055 0.29994875828209167 0.35968110968110967 0.31722794222794226 0.3453810953810954 0.32795295295295296 0.33443264693264696 0.3273571190237857 0.32974045474045477
1 0.36042590209256875 0.3599045474045474 0.3339112922446256 0.3690654940654941 0.3234841984841985 0.38627019877019875 0.34255088421755087 0.41263585013585014 0.3699592449592449 0.4215733590733591 0.4212009628676295 0.4233608608608609 0.4459280709280709 0.4088374088374089 0.4384801468134802 0.40146396396396394 0.42239263072596406 0.4001233376233376 0.4322238905572239 0.3902920777920778 0.4477155727155727 0.3858233233233233 0.46529267362600696 0.37710925210925217 0.4590364173697507 0.36303267553267554 0.45754683254683254 0.3567764192764193 0.45754683254683254 0.3431467181467182 0.4471197387864055 0.33867796367796366 0.4301384718051385 0.3382310882310882 0.4185197101863769 0.33711389961389965 0.38694051194051193 0.3382310882310882 0.3648946565613232 0.3532014157014157
1 0.30948210114876784 0.545357857857858 0.2975654225654226 0.5572000572000573 0.30352376185709523 0.5773094523094523 0.3228883645550313 0.580884455884456 0.3249737833071167 0.5710531960531962 0.3461258877925545 0.569489131989132 0.36549049049049054 0.5674781924781925 0.35595714762381425 0.5596578721578722 0.3464238047571381 0.5547422422422423 0.32556961723628397 0.5507203632203633 0.32318628151961487 0.5455812955812956 0.3184196100862768 0.5440172315172316
1 0.4557593307593308 0.529940654940655 0.4381822298488965 0.5435703560703561 0.4399697316363983 0.5529547404547405 0.4721447638114305 0.5601047476047476 0.48853019686353016 0.5701594451594453 0.5195135611802278 0.5690422565422566 0.5341114924448258 0.5563063063063063 0.5201093951093951 0.5449109824109825 0.5165343915343915 0.5337390962390963 0.5236843986843988 0.5243547118547119 0.5132573049239716 0.5185453310453311 0.49508437008437006 0.5272594022594024 0.4694635111301778 0.5297172172172173
1 0.4241801325134658 0.691486128986129 0.4194134610801277 0.7055627055627056 0.4340113923447257 0.7176283426283427 0.45099265932599264 0.7209799084799086 0.4781031031031031 0.7180752180752181 0.46529267362600696 0.702881452881453 0.45218432718432716 0.6957314457314457 0.4444384861051528 0.6896986271986273 0.4355009771676438 0.6872408122408122
1 0.4408634825301492 0.6622157872157872 0.4268613851947185 0.6675782925782926 0.43252180752180747 0.6780798655798657 0.4530780780780781 0.6823251823251824 0.4691655941655941 0.6736111111111112 0.46469683969683967 0.6666845416845417 0.45426974593641256 0.6642267267267268
1 0.5615198531865199 0.32169669669669676 0.5302385719052386 0.3304107679107679 0.5034260450927117 0.3348795223795224 0.4944885361552028 0.34783891033891035 0.50163854330521 0.3632561132561133 0.5132573049239716 0.3717467467467468 0.5388781638781639 0.37844987844987843 0.5650948567615234 0.3851530101530102 0.5987594737594737 0.38694051194051193 0.6196136612803279 0.38604676104676106 0.6359990943324276 0.38135456885456886 0.6312324228990895 0.3625858000858001 0.6160386577053243 0.3549889174889175 0.6121657371657372 0.34001859001859003 0.6109740693074026 0.32728263978263983 0.5978657228657228 0.32192013442013445 0.5749261165927833 0.3187920062920063
1 0.643744935411602 0.5426766051766052 0.6327220077220077 0.5538484913484913 0.6377865961199294 0.561445373945374 0.6488095238095238 0.563903188903189 0.6604282854282854 0.5540719290719291 0.6553636970303637 0.542900042900043
1 0.5305364888698222 0.6175282425282426 0.526663568330235 0.6266891891891891 0.5335156585156585 0.6340626340626342 0.546028171028171 0.6322751322751323 0.5558594308594309 0.6206563706563707 0.5507948424615091 0.6137298012298013 0.5409635826302494 0.6106016731016732 0.5308344058344058 0.6144001144001144
1 0.3321237904571238 0.6001001001001002 0.32765503598836937 0.6088141713141714 0.33271962438629105 0.6150704275704276 0.34582797082797084 0.6170813670813672 0.35834048334048335 0.6141766766766767 0.3502967252967253 0.6012172887172887 0.34046546546546547 0.5976422851422852 0.33450712617379286 0.5985360360360361
1 0.3839613422946756 0.49910624910624907 0.4012405262405262 0.5020109395109396 0.4128592878592878 0.5002234377234377 0.42060512893846225 0.4865937365937366 0.4125613708947042 0.4819015444015444 0.403028028028028 0.4821249821249821 0.39140926640926643 0.48637029887029887
1 0.48853019686353016 0.2653903903903904 0.47333643166976497 0.2723169598169598 0.47869893703227034 0.2779029029029029 0.4992552075885409 0.27544508794508793 0.5287489870823204 0.27254039754039755 0.5335156585156585 0.2640497640497641 0.5114698031364698 0.2629325754325755
