0 0.7949885762385762 0.44699224386724384 0.7889760702260703 0.399643759018759 0.7769510582010583 0.36356872294372294 0.7589135401635402 0.33482142857142855 0.7280994468494469 0.3015647546897547 0.6905212842712842 0.28521825396825395 0.635657166907167 0.25985299422799424 0.5559914622414623 0.2519615800865801 0.48759920634920634 0.25139790764790765 0.41544913419913426 0.2677444083694084 0.3726100288600289 0.28352723665223667 0.3417959355459355 0.2964917027417028 0.31323653198653206 0.3105835137085137 0.2764099326599327 0.3376397907647907 0.22755832130832135 0.381606240981241 0.2020051707551708 0.4148629148629149 0.17945827320827323 0.4577020202020202 0.17119107744107745 0.4954680735930736 0.16743326118326116 0.533234126984127 0.16968795093795097 0.5783279220779222 0.1802098364598365 0.6160939754689755 0.20050204425204424 0.643713924963925 0.24108645983645982 0.6842983405483405 0.3109818422318423 0.7361562049062048 0.41695226070226077 0.7688492063492064 0.5048851611351612 0.7789953102453102 0.5770352332852333 0.7649034992784992 0.6446759259259259 0.7525027056277056 0.7153228715728716 0.7158639971139972 0.764174482924483 0.6786616161616162 0.8010010822510824 0.6358225108225108 0.8062620250120249 0.5969291125541126 0.8115229677729677 0.55239898989899 0.8055104617604618 0.5044868326118326
1 0.3033346397543928 0.5465412502449539 0.2943529949702789 0.5578703703703703 0.299660330524528 0.5695056829316087 0.3074172055653537 0.5719552224181853 0.3249722385524854 0.5652189888300998 0.34579332418838593 0.5652189888300998 0.3584492782023646 0.5554208308837939 0.34660983735057804 0.5496031746031746 0.3327291135933111 0.5450102880658436 0.3200731595793324 0.5425607485792671 0.30619243582206546 0.5428669410150891
1 0.29680253445685545 0.33434989222026257 0.27271539617218626 0.3475161669606114 0.26455026455026454 0.35884528708602775 0.2882291462538376 0.36803106016068976 0.3037428963354889 0.34904712913972175 0.3172153635116598 0.33465608465608465 0.32129792932262063 0.3260826964530668 0.3066006924031615 0.3282260435038213
1 0.41478868639362465 0.33618704683519496 0.37559605460840023 0.3395551636292377 0.3568162518779802 0.3499657064471879 0.33232085701221503 0.3668062904174015 0.32129792932262063 0.3818097197726827 0.34579332418838593 0.4032431902802273 0.3662061532431903 0.4151846952772878 0.4062152981906068 0.42038996668626294 0.4384675680971977 0.4108980011757789 0.4417336207459664 0.39895649617871837 0.4217290482722581 0.3937512247697433 0.43520151544842894 0.387933568489124 0.4515317786922725 0.3818097197726827 0.46092168005748246 0.36956202233980007 0.45438957475994507 0.3502718988830099 0.449082239205696 0.33833039388594943 0.42662812724541116 0.3340436997844405
1 0.42499510092102677 0.6861650009798157 0.40948135083937554 0.6935136194395453 0.420912535110066 0.7091294336664706 0.4217290482722581 0.7170904369978444 0.4515317786922725 0.7210709386635312 0.4743941472336534 0.7161718596903781 0.4670455287739238 0.7005560454634527 0.4486739826245999 0.6861650009798157 0.43275197596185244 0.6831030766215951
1 0.43601802861062117 0.6579952968841858 0.425811614083219 0.663506760728983 0.42662812724541116 0.6717739564961787 0.4462244431380234 0.6794287673917302 0.4572473708276177 0.6717739564961787 0.46010516689529035 0.6644253380364491 0.4511235221111764 0.6616696061140506
1 0.4384675680971977 0.5413359788359788 0.46867855509830814 0.55633940819126 0.49276569338297727 0.5624632569077013 0.5127702658566855 0.5523589065255732 0.5164445750865503 0.5358245149911817 0.5168528316676464 0.5272511267881638 0.5033803644914756 0.5214334705075445 0.49235743680188115 0.5232706251224769 0.4658207590306355 0.5275573192239859 0.4482657260435038 0.5275573192239859 0.43560977202952506 0.5318440133254948
1 0.3858024691358024 0.48377180090143046 0.37886210725716896 0.4917328042328042 0.40254098896074203 0.49999999999999994 0.42254556143445027 0.4895894571820497 0.4123391469070481 0.48560895551636285 0.40703181135279903 0.4810160689790319 0.3939676007577242 0.48040368410738776
1 0.500930825004899 0.3392489711934156 0.48786661440982426 0.3634381736233588 0.5311418120060095 0.37139917695473246 0.5560454634528708 0.3808911424652165 0.6168756940361878 0.38517783656672544 0.631981187536743 0.36956202233980007 0.6234077993337251 0.3386365863217715 0.6062610229276896 0.32485792670977853 0.5682931608857534 0.32240838722320203 0.5384904304657391 0.3266950813247109
1 0.4784767130446142 0.261476092494611 0.46214644980077074 0.27066186556927296 0.4801097393689986 0.27249902018420535 0.5156280619243582 0.2645380168528316 0.5348161212358743 0.266068979031942 0.5282840159383368 0.25933274544385654 0.5127702658566855 0.25872036057221237 0.501339081585995 0.25749559082892415 0.4841923051799595 0.25902655300803445
1 0.6278986217257821 0.5541960611405056 0.6287151348879744 0.5416421712718009 0.6438206283885296 0.5376616696061141 0.6601508916323731 0.5480722124240642 0.6560683258214123 0.5584827552420145 0.6368802665098962 0.5618508720360571
1 0.528692272519433 0.6083921222810111 0.5213436540597034 0.6181902802273173 0.5352243778169704 0.6331937095825985 0.5511463844797178 0.6233955516362923 0.5478803318309491 0.6096168920242994
