0 0.7559072871572872 0.3370761183261183 0.7040494227994227 0.31171085858585856 0.6371602934102935 0.29423701298701294 0.5364508177008178 0.29085497835497837 0.4500210437710438 0.3010010822510823 0.36509439634439633 0.33594877344877344 0.29895683020683017 0.37540584415584416 0.2583724146224146 0.422754329004329 0.22605519480519484 0.4999774531024531 0.23281926406926406 0.5580357142857143 0.2568692881192881 0.611584595959596 0.30947871572871577 0.6645698051948051 0.36434283309283316 0.7102272727272727 0.45979136604136606 0.7322104978354979 0.555239898989899 0.7361562049062048 0.6454274891774893 0.7124819624819624 0.6965337902837904 0.6871167027417028 0.7544041606541607 0.6459686147186147 0.8055104617604618 0.5777642496392497 0.836324555074555 0.5264700577200576 0.8415854978354979 0.468975468975469 0.8385792448292448 0.4244453463203463 0.8235479797979798 0.39738906926406925 0.788224506974507 0.36356872294372294
1 0.36234782982750463 0.4379597367402246 0.3529380135071192 0.45449412827461605 0.3499806426635695 0.4649793521744741 0.3575084957198778 0.4809088269454123 0.3946100572116832 0.48272357723577236 0.4166559125908719 0.48413504968383014 0.422032950488235 0.47647277068008775 0.4123542822729815 0.4633662408052652 0.4145050974319267 0.4498564330881404 0.40859035574482727 0.43654826429216675 0.395954316686024 0.4327171247902955 0.38654450036563853 0.4313056523422377
1 0.2781971867337721 0.41396470512324174 0.29163978147717984 0.43453187508065555 0.3050823762205876 0.4399761259517357 0.3217511937024132 0.4292892631307266 0.34003312255344775 0.42041715060007745 0.36154127414290016 0.4038827590656859 0.3558953843506689 0.38210575558136534 0.34218393771239297 0.3671844754161827 0.3276659353895126 0.36436153052006715 0.31422334064610485 0.3702090592334495 0.30346926485137865 0.37525003226222736 0.2948660042155977 0.386743450767841 0.2943283004258614 0.3905745902697122 0.2857250397900804 0.40287456445993036
1 0.24270873661117562 0.5234546393082978 0.23948251387275776 0.5403923086849917 0.24163332903170298 0.5464414763195251 0.2499677377726158 0.5541037553232675 0.2612595173570783 0.5534988385598141 0.26475459199036433 0.5484578655310363 0.25964640598786937 0.5367628081042716 0.25964640598786937 0.5270841398890179 0.25857099840839676 0.5206316944121822 0.2534628124059018 0.5174054716737643
1 0.5317245235944423 0.5704365079365079 0.5384458209661461 0.582736482126726 0.546780229707059 0.5901971222093173 0.541672043704564 0.5978594012130597 0.5438228588635092 0.6022954574783843 0.5279605970662881 0.6160069041166603 0.5279605970662881 0.6252822944896115 0.5500064524454769 0.6212495160665893 0.5580720092915215 0.613788875983998 0.5731277154041381 0.6083446251129179 0.597055534047404 0.594834817395793 0.6048522389985804 0.5831397599690283 0.598937497311481 0.5803168150729127 0.5922161999397771 0.5748725642018325 0.5873768658321504 0.5692266744096012 0.5642556028734891 0.5680168408826946 0.5508130081300814 0.5670086462769389 0.5419408955994321 0.5670086462769389
1 0.46961973587989847 0.6541166602142212 0.4491869918699187 0.6710543295909149 0.4559082892416226 0.6767002193831462 0.4540263259775455 0.6928313330752355 0.4626295866133264 0.7031149180539424 0.4967737772615821 0.7065427797135114 0.5207015959048479 0.7065427797135114 0.5387146728610143 0.7212624209575429 0.5327999311739149 0.7291263388824365 0.569363788875984 0.726505032907472 0.5844194949886007 0.7232788101690542 0.5857637544629414 0.7142050587172538 0.5470490816019271 0.7210607820363918 0.5424785993891685 0.709365724609627 0.5742031229836108 0.7109788359788359 0.5809244203553147 0.7013001677635824 0.5766227900374242 0.6940411666021422 0.5795801608809739 0.6859756097560976 0.5607605282402031 0.6807329978061686 0.548662192971136 0.678111691831204 0.5387146728610143 0.6676264679313461 0.5301114122252334 0.6551248548199767 0.4967737772615821 0.6504871596335011 0.4784918484105476 0.6438330752355143 0.46935088398503033 0.6482691315008389
1 0.6596980255516841 0.6533101045296167 0.6572783584978706 0.6595609110853013 0.6656127672387835 0.6662149954832881 0.6731406202950918 0.6684330236159505 0.6841635479846863 0.6680297457736483 0.6946487718845443 0.6603674667699058 0.7059405514690068 0.6500838817911988 0.7002946616767756 0.6464543812104788 0.6903471415666539 0.6482691315008389 0.6809373252462685 0.6512937153181055 0.6699143975566739 0.6523019099238612
1 0.7562158558093518 0.6264921280165182 0.7365896674839765 0.6323396567299006 0.7360519636942402 0.6404052135759453 0.7282552587430637 0.6547215769776745 0.7244913322149095 0.662383855981417 0.749763410332516 0.6478658536585366 0.7589043747580333 0.6371789908375274
1 0.6104981287908117 0.5573299780616854 0.6282423538521099 0.5657988127500323 0.6462554308082763 0.563782423538521 0.6432980599647266 0.5573299780616854 0.6295866133264507 0.5530955607175119 0.6209833526906697 0.5506758936636986
1 0.6290489095367144 0.5131710543295909 0.6185636856368564 0.5218415279390889 0.6153374628984385 0.5286972512582269 0.6080784617369983 0.5337382242870048 0.5873768658321504 0.5353513356562137 0.5986686454166129 0.5411988643695961 0.6199079451111971 0.5401906697638404 0.6298554652213189 0.5329316686024004 0.6373833182776273 0.5238579171506 0.6408783929109132 0.514985804619951 0.6398029853314406 0.5111546651180797
