0 0.70162771898883 0.2974537037037037 0.6180371840094062 0.27471891534391535 0.5261794532627866 0.2692074514991182 0.4196244855967078 0.2843639770723104 0.3433825690770135 0.31398809523809523 0.2882679306290417 0.36083553791887124 0.2607106114050558 0.4035493827160494 0.2405019106407994 0.4600418871252205 0.24509479717813046 0.5268683862433862 0.2735706937095825 0.5992063492063492 0.33419679600235147 0.6522541887125219 0.4288102586713698 0.7066798941798941 0.5445509994121105 0.7390597442680775 0.6648846266901821 0.7301036155202822 0.7512308935920046 0.7053020282186949 0.8146127278071722 0.6598324514991182 0.8678902116402116 0.5957616843033509 0.8917732216343326 0.544780643738977 0.892691798941799 0.488288139329806 0.8770759847148735 0.4497078924162258 0.855948706643151 0.41181657848324515 0.8182870370370371 0.3663470017636684 0.7778696355085243 0.3319003527336861 0.7236735743680187 0.3036541005291006
1 0.3472222222222222 0.6527777777777778 0.3412698412698413 0.6376488095238095 0.34953703703703703 0.6316964285714286 0.36673280423280424 0.6438492063492064 0.37136243386243384 0.6480654761904762 0.36772486772486773 0.658234126984127 0.36772486772486773 0.6651785714285714 0.36474867724867727 0.6666666666666666 0.357473544973545 0.6609623015873016 0.3501984126984127 0.6560019841269841
1 0.5023148148148148 0.7212301587301587 0.49867724867724866 0.7120535714285714 0.5102513227513228 0.7046130952380952 0.5396825396825397 0.7006448412698413 0.5753968253968254 0.6986607142857143 0.6111111111111112 0.7041170634920635 0.625 0.7142857142857143 0.638558201058201 0.7202380952380952 0.640542328042328 0.7251984126984127 0.6259920634920635 0.7291666666666666 0.6071428571428571 0.732390873015873 0.5849867724867724 0.7346230158730159 0.5575396825396826 0.7368551587301587 0.546957671957672 0.7371031746031746 0.531415343915344 0.7328869047619048 0.5105820105820106 0.7269345238095238
1 0.6246693121693122 0.6907242063492064 0.6590608465608465 0.6875 0.6798941798941799 0.6760912698412699 0.6884920634920635 0.6644345238095238 0.6825396825396826 0.6569940476190477 0.6696428571428571 0.6532738095238095 0.6656746031746031 0.6458333333333334 0.656084656084656 0.6443452380952381 0.6378968253968254 0.6498015873015873 0.625 0.65625 0.6061507936507936 0.6631944444444444 0.605489417989418 0.6778273809523809
1 0.6296296296296297 0.48115079365079366 0.6593915343915344 0.4853670634920635 0.6795634920634921 0.49206349206349204 0.6858465608465608 0.4908234126984127 0.6815476190476191 0.48040674603174605 0.6696428571428571 0.4756944444444444 0.6478174603174603 0.47197420634920634 0.6266534391534392 0.4714781746031746
1 0.718915343915344 0.4836309523809524 0.732473544973545 0.5101686507936508 0.7536375661375662 0.513640873015873 0.7556216931216931 0.5004960317460317 0.7718253968253969 0.49404761904761907 0.781084656084656 0.4851190476190476 0.7711640211640212 0.47023809523809523 0.7648809523809523 0.4583333333333333 0.7559523809523809 0.44841269841269843 0.7437169312169312 0.4513888888888889 0.7334656084656085 0.4556051587301587 0.7351190476190477 0.46750992063492064 0.728505291005291 0.47867063492063494
1 0.6828703703703703 0.46081349206349204 0.6875 0.46875 0.6990740740740741 0.470734126984127 0.701058201058201 0.4565972222222222 0.7000661375661376 0.44518849206349204 0.6878306878306878 0.44419642857142855 0.6825396825396826 0.44841269841269843
1 0.7242063492063492 0.34523809523809523 0.7242063492063492 0.3531746031746032 0.7347883597883598 0.35466269841269843 0.7410714285714286 0.35962301587301587 0.7450396825396826 0.36681547619047616 0.7503306878306878 0.37375992063492064 0.7658730158730159 0.3784722222222222 0.7771164021164021 0.3722718253968254 0.7691798941798942 0.3611111111111111 0.7685185185185185 0.35168650793650796 0.7625661375661376 0.3464781746031746 0.7394179894179894 0.3464781746031746 0.7347883597883598 0.3420138888888889 0.7228835978835979 0.34151785714285715
1 0.7086640211640212 0.30505952380952384 0.6947751322751323 0.3013392857142857 0.6832010582010583 0.29662698412698413 0.6696428571428571 0.2934027777777778 0.658068783068783 0.28943452380952384 0.6514550264550265 0.28943452380952384 0.6501322751322751 0.2941468253968254 0.6583994708994709 0.2976190476190476 0.6666666666666666 0.30282738095238093 0.6752645502645502 0.3125 0.6818783068783069 0.31746031746031744 0.6871693121693122 0.31274801587301587 0.6868386243386243 0.3082837301587302 0.6980820105820106 0.3062996031746032 0.7159391534391535 0.3090277777777778
1 0.8283730158730159 0.513640873015873 0.8303571428571429 0.4945436507936508 0.8277116402116402 0.4791666666666667 0.8125 0.4789186507936508 0.7982804232804233 0.4677579365079365 0.8012566137566137 0.4618055555555556 0.828042328042328 0.4722222222222222 0.8313492063492064 0.4697420634920635 0.832010582010582 0.46130952380952384 0.832010582010582 0.4489087301587302 0.832010582010582 0.4384920634920635 0.8240740740740741 0.4322916666666667 0.8171296296296297 0.42212301587301587 0.8187830687830688 0.4166666666666667 0.8346560846560847 0.42410714285714285 0.8376322751322751 0.4263392857142857 0.8359788359788359 0.4149305555555556 0.8382936507936508 0.4087301587301587 0.8449074074074074 0.4126984126984127 0.8525132275132276 0.421875 0.8551587301587301 0.42757936507936506 0.8601190476190477 0.4288194444444444 0.871031746031746 0.4446924603174603 0.8716931216931217 0.4538690476190476 0.8812830687830688 0.47470238095238093 0.8882275132275133 0.4908234126984127 0.8845899470899471 0.4990079365079365 0.8799603174603174 0.5062003968253969 0.8799603174603174 0.5200892857142857 0.8829365079365079 0.5275297619047619 0.8869047619047619 0.5424107142857143 0.8872354497354498 0.5510912698412699 0.8819444444444444 0.5543154761904762 0.8637566137566137 0.5443948412698413 0.8564814814814815 0.5367063492063492 0.8478835978835979 0.5322420634920635 0.833994708994709 0.5233134920634921
