0 0.7385676492819351 0.39269517330741827 0.688627038116834 0.341573534175575 0.6278884569700897 0.31322886297376096 0.560401144584818 0.28893343051506315 0.4902143397041357 0.2767857142857143 0.403830579850988 0.2894395853579527 0.33971763308498 0.31171039844509235 0.2823534175574992 0.33094428247489477 0.2283635676492819 0.36991820537738906 0.2000188964474679 0.4007936507936508 0.17234909836950651 0.44381681243926147 0.1602013821401576 0.4873461289277616 0.15412752402548321 0.5329000647878199 0.1588516358924522 0.5693432134758666 0.1709993521218011 0.6204648526077098 0.18584656084656084 0.6528587625526401 0.211491739552964 0.6893019112406867 0.2573831119749487 0.7262512147716229 0.3262201706079257 0.761175898931001 0.41665316920418954 0.7819282474894721 0.5145097721628333 0.7788913184321349 0.579297592052694 0.7576328150307743 0.6542085088003455 0.7171404275996113 0.7014496274700357 0.6806972789115647 0.7331686642911134 0.644254130223518 0.7642128279883381 0.596169420149012 0.7790600367130978 0.5435293164885002 0.783784148580067 0.5075923226433431 0.7729861785984236 0.4579891480401685 0.7615133354929273 0.4261013929381277
1 0.2023208273208273 0.46965187590187585 0.18728956228956228 0.5127164502164502 0.1963083213083213 0.5269209956709957 0.20532708032708033 0.532332251082251 0.21224146224146223 0.5122655122655123 0.22997835497835495 0.5023448773448773 0.22186147186147184 0.49648268398268397 0.22276334776334775 0.47506313131313127 0.22276334776334775 0.4642406204906205
1 0.27266714766714767 0.44417388167388167 0.260040885040885 0.4604076479076479 0.26424963924963923 0.47461219336219335 0.28078403078403075 0.47461219336219335 0.2907046657046657 0.46311327561327553 0.3069384319384319 0.45612373737373735 0.31625781625781624 0.4484577922077922 0.29431216931216925 0.43876262626262624 0.28228715728715725 0.44124278499278496
1 0.32166907166907166 0.33189033189033185 0.3021284271284271 0.35060425685425683 0.30242905242905244 0.36029942279942273 0.3096440596440596 0.3650342712842713 0.31565656565656564 0.3591720779220779 0.324074074074074 0.34767316017316013 0.3445165945165945 0.340007215007215 0.3394059644059644 0.33301767676767674 0.3249759499759499 0.330762987012987
1 0.36044973544973546 0.3542117604617604 0.34331409331409324 0.3636814574314574 0.33609908609908606 0.37630772005772006 0.35714285714285715 0.3729256854256854 0.367965367965368 0.38397366522366516 0.37006974506974505 0.38915945165945165 0.3968253968253968 0.3848755411255411 0.413059163059163 0.39096320346320346 0.4226791726791726 0.394345238095238 0.44733044733044725 0.3920905483405483 0.47168109668109665 0.394345238095238 0.4927248677248677 0.394796176046176 0.5014430014430014 0.39073773448773447 0.49603174603174593 0.3805916305916306 0.4954304954304954 0.36683802308802305 0.48611111111111105 0.35285894660894657 0.4797979797979797 0.3447420634920635 0.4665704665704665 0.33256673881673876 0.453042328042328 0.32490079365079366 0.4521404521404521 0.31836219336219335 0.44131794131794133 0.31858766233766234 0.419973544973545 0.3296356421356421 0.3983285233285233 0.33391955266955264 0.37097162097162095 0.3373015873015873 0.3559403559403559 0.3409090909090909
1 0.46025733525733525 0.459054834054834 0.44131794131794133 0.47348484848484845 0.44041606541606537 0.48723845598845594 0.4536435786435786 0.4985119047619047 0.4647667147667147 0.5025703463203463 0.4785954785954786 0.5025703463203463 0.49422799422799424 0.49558080808080807 0.5071548821548821 0.48994408369408365 0.4999398749398749 0.47641594516594515 0.49512987012987014 0.4660443722943723 0.47769360269360267 0.45860389610389607
1 0.425084175084175 0.5217352092352092 0.42237854737854735 0.5296266233766234 0.42568542568542567 0.5395472582972584 0.45604858104858104 0.5303030303030303 0.4737854737854737 0.5357142857142857 0.47408609908609906 0.5458603896103895 0.46747234247234243 0.5544282106782107 0.4659692159692159 0.5652507215007215 0.4665704665704665 0.5747204184704184 0.4788961038961038 0.5735930735930735 0.47588985088985086 0.5591630591630592 0.4785954785954786 0.5521735209235208 0.4867123617123617 0.5449585137085137 0.493025493025493 0.53255772005772 0.48130110630110623 0.5269209956709957 0.47107984607984604 0.5242153679653679 0.4548460798460798 0.5199314574314573 0.44733044733044725 0.5190295815295815 0.4338023088023088 0.5190295815295815
1 0.7005621693121693 0.4964037698412698 0.6911375661375662 0.5047123015873016 0.6833664021164021 0.5100446428571429 0.6744378306878307 0.515625 0.6754298941798942 0.5221974206349206 0.69130291005291 0.5256696428571429 0.7005621693121693 0.5385664682539683 0.7108134920634921 0.5443948412698413 0.7263558201058201 0.5396825396825397 0.7260251322751323 0.5286458333333334 0.7296626984126984 0.5221974206349206 0.7309854497354498 0.5110367063492064 0.7311507936507936 0.5016121031746031 0.7200727513227513 0.49032738095238093 0.7068452380952381 0.49231150793650796
1 0.7169389073458842 0.3834152362495386 0.7184769902793159 0.39596022517534146 0.7255906238464378 0.4023048172757475 0.7398178909806817 0.4010070598006645 0.7403946720807186 0.39754637320044295 0.7321274763135228 0.3880294850498339 0.7196305524793898 0.3826942598744924
1 0.7625046142488003 0.5075673680324844 0.7455857019810508 0.5333783222591363 0.7417404946474715 0.5512585363602805 0.7565445428817521 0.5669758213362864 0.7617355727820845 0.5772136858619417 0.7721176325827489 0.557891519010705 0.7773086624830812 0.5413090623846437 0.7751937984496123 0.526312753783684 0.7692337270825643 0.5165074750830565 0.76442721791559 0.5075673680324844
